1.933279795610185658e+01
2.033899788505794781e+00
-2.755000991009426414e-01
2.772518010595290683e-01
1.704739408046971505e+01
2.094194535656053091e+01
8.890116323179599434e+00
-7.526708295861506137e-01
7.054906221599473781e+00
1.718034286512769881e+01
5.211562371741184307e+00
4.117041885485867425e+01
2.041137963256662857e+00
7.969854385537271213e+00
5.115750042919329843e+01
1.085485264563361696e-01
6.137070633887988436e+01
4.325448116171698665e+00
3.990801199782340802e+01
1.666644816193163514e-01
9.044625380974737894e+00
9.976300126610313512e+00
4.606744866045513476e+01
1.157634401211738506e+01
-5.061013125243420951e-01
3.981260957028705150e+01
1.999301777216884801e+01
9.566731309532027439e+00
2.453191815157834910e+01
3.464245214592227740e+01
5.326458144618325008e+00
1.208477416865135545e+00
4.313874359398759850e+01
9.290190266662241569e-01
1.632747244555934785e+00
3.214771020384114308e+01
1.181286823994038926e+01
4.046840943241658550e-01
5.072224990109686082e-01
2.539817186645304758e+00
1.636650191589685832e+01
3.627103525515047444e-01
3.073641303558957105e+01
1.154876608000740212e+00
2.314733052062383223e-01
9.342274978188926937e-01
3.276776876854378884e+01
2.404936727203485169e+00
1.138860891256769925e-01
6.523824517485010688e-01
9.693331378495755324e-01
1.699075024129459877e+00
1.671422121611434264e+01
3.211203872828087924e+01
-2.433452007686680574e-01
2.847661930431244492e-01
1.376981820573561777e+01
-1.187196668532322974e+00
3.154398519448496785e+01
3.804315990319077656e+01
-9.168940431915517664e-01
2.761146203355466788e-01
1.015253343742368308e-01
2.043901668701177954e-01
-9.604144498488276227e-01
1.269983453922143291e+01
1.649426257046311406e-01
-2.714638311819261851e-01
9.043466990692339280e-01
8.868023202789816040e+00
-8.850300514856153100e-01
-4.906033744656035367e-04
1.156846298776340376e+00
5.141902645345300726e+00
-6.609493235441759040e-01
-6.231061188504494197e-01
9.408464248030989907e-02
4.460814548925136513e+00
1.948251398228738829e+00
2.829970056303610093e-01
3.668366489030639599e+01
7.213885362842729521e+00
3.621197402121166142e+00
5.641728592540928844e+00
6.914256130718518634e+00
1.997115644819611902e+00
1.915261270051139775e+00
1.760238707381867584e+01
4.690641437830266547e+00
6.609948419143186982e+00
-7.430658834444558991e-02
2.363379011371090144e+01
-1.256128900202191367e+00
1.881221648866775453e-01
9.833808640213362651e+00
2.053842145170852618e+00
2.410378815701480804e+01
5.087598199528271081e+00
1.133713578131952637e+01
3.120829454132767466e-01
3.845174837181719596e-02
1.746339304019871363e+01
2.884799125392060404e+01
3.973422804905175632e-01
1.171488504154920562e-01
3.571563795815346332e+00
2.187890196117017183e-01
2.124480567962334376e+01
3.764818407700847303e-01
1.794859101669397106e-01
7.326243847687101685e-01
1.230322800996927590e+01
2.760489237068499691e+00
1.805442128671236546e+00
3.076137230426600588e+00
4.461385911536924986e+00
7.728207777043804683e+00
5.763452817281515195e+01
4.602753344331317464e+01
2.403143249864997166e+00
3.822261898046502182e+01
7.293543543648217664e-02
-4.702294287234254355e-01
1.716371402541156499e+00
2.111827958604108879e-01
1.040016502503408802e+01
2.047342949864687611e+01
1.418826313046538701e+01
9.393730157820426641e+00
4.649845371531111660e-01
1.041358847461534509e+00
5.549160908960290683e+00
3.416430430582858691e+01
6.630606814779093838e+01
4.222269902543565934e+01
2.036889218610150465e+01
3.563274836619116925e-01
1.895059613359162398e+00
5.406151216874834908e-01
4.724469449009469457e+01
7.592612467531170140e+00
8.776461335461460678e-01
8.437956145845815215e-02
3.319454485670132016e+00
2.411218177566509802e-01
2.371919799021107167e+00
2.895484014463215416e+01
8.941432643083379261e+00
3.779985350669089428e+01
1.135742494993201568e+00
2.657046807405939681e+00
3.136857534564384764e+00
1.219771999414667718e+01
3.418062493856934836e-01
6.211280023472465217e-02
1.087082774872164137e+01
