4.736129060552141112e-02
4.869342789341013500e-02
5.457193191601605875e-02
3.511665111124133709e-01
1.198195483594908239e-01
1.804935671945631093e-01
-1.640836861757755116e-03
2.698708738668065266e-02
1.312238042450033504e-01
-7.362212014288882500e-03
1.860174903755718034e-01
1.186417463727584831e-02
1.332693533532842700e-01
-2.589594519905213943e-02
1.053553618406710690e-01
7.235502340806609922e-02
-2.215584278434468146e-02
1.220734072070577270e-01
3.070250494023549770e-01
3.398550409783651638e-01
7.884195922533592693e+00
6.929822919557349081e-03
7.914380746819293933e-02
3.490791756677635860e-01
-3.712642154802070493e-02
7.219116942224257372e-02
-5.281139431157244601e-02
1.973708567647669554e-02
1.450054135294664981e-01
1.609113750703050627e-01
-1.173387568949513238e-01
9.523970865202802116e-02
1.995624397445832088e-01
8.728325406306902678e-02
3.129536825245087250e-01
-3.677592399337736850e-03
8.648275339340072421e-02
-2.436832146517087239e-02
7.169287508043753476e-02
2.958810412149843749e-01
4.628022017928592469e-01
-5.197855864917499957e-02
1.227794681390854237e+00
1.877425872886422376e-01
-9.822364797124905067e-02
4.694783982432233493e+00
6.019492711156715359e-02
2.595888937569745814e-01
9.224110754340606455e-01
1.230149487994558477e-01
5.615631269437670881e-02
2.066624193432438084e-01
3.404136969833344573e-01
4.978613898892847445e-02
4.525104536769650743e-01
2.512464716895141947e-01
1.407688340733250776e-01
-1.426251238338154259e-01
3.197058358767002062e-02
-1.026952497251683027e-01
8.148871437964366748e-02
9.023573205682224874e-01
3.226877363719182767e-03
4.432247352080276315e-02
-5.282738484050586436e-03
7.235896061621294173e-01
4.808739992890629367e-01
1.743717109859441727e-01
-6.118986933333792066e-02
7.347455889777254612e-03
1.089658987460513373e-01
1.672462322148593472e+01
1.061963004606023375e+01
2.975946366610626725e-02
5.023380868739966587e+00
1.236137857221763170e+01
1.463755343945774001e-01
2.980059581290133153e-01
1.114184550220143066e-01
1.681479989205783454e+00
2.930023758394385780e+00
3.845721142628897304e-01
7.982428709238562625e-01
3.355720152536969536e+00
1.038478764943478261e+01
1.510882160042037725e+01
5.910207739323393383e+00
6.336666318932319797e+00
8.624788839924441675e+00
3.778764758604191698e+00
-1.256052048340672300e-02
3.938421435970200335e+00
4.213358246747485047e-01
3.125831714876079914e+00
1.241223474426789153e-01
7.015494859310913434e-01
1.322054372495742314e-01
-1.267245272729913275e-01
1.032437358864810584e-01
-5.133441286596029940e-02
7.741901309037402257e-03
7.784263108760240968e-01
3.703172788878035249e+00
5.994457222984284073e-02
9.196736589616301139e-01
1.089792603936932025e+01
2.042236192045043808e+00
1.547638803443681255e+01
4.617873080243199979e-01
-4.810389179147072092e-01
-7.825717065229076397e-02
7.039396283286869505e-03
1.627744488775233478e-01
9.937449047969559857e-02
1.940998358461141216e+00
