9.675663165438521673e-01
4.805811572974186596e+00
2.664501723053335169e+01
1.173632991227346523e+01
8.579885121554053917e-01
2.428668046157749316e+01
2.086738668768563798e+01
-1.459503021749353202e-01
3.341572095754134608e+00
2.467119427050619151e-01
1.717575611452215156e+00
1.658514881969161969e+00
1.090049048838378809e+01
9.716282099036419595e-01
1.097841063257811101e+01
3.885345301351731706e+01
2.258780077513165807e+01
-3.005308758976332761e-01
3.204083484089225387e+00
1.628313336325415506e+01
1.114716730418705382e+01
5.508118094057441461e-01
-4.218793587076907770e-02
1.498511912205624519e-01
4.274983065206789945e-01
1.005458651575973761e+01
1.850363890109225196e+00
4.303042046708637258e+01
2.655410269310000970e+01
8.213877399021671799e-01
1.101848892368428423e+00
2.115968252962274754e+00
2.985380503189995949e+01
5.163670915128646399e-01
1.229883141566536331e+00
1.356799362732912684e+00
-5.878969954180579549e-01
6.606639603195669785e-01
9.182330821391726516e-02
6.188193135542146450e+00
2.328339721617931346e-01
3.348204426964857205e+00
2.729677045233129817e-01
-3.667014255779301735e-01
-7.330307575777434970e-01
1.151422435410789369e-01
1.344029902028804457e+00
3.161635614169967567e+01
6.580695960440849035e+01
4.771992884435121596e+00
7.372047444705000174e+00
2.852491956168774934e+01
5.708735513131907879e+01
4.862655431145581986e+01
2.351551898618700065e-01
2.283774285258139969e-01
5.486021455877343911e+00
-7.017164820916299561e-02
1.753484056356064968e-01
6.293291240612919779e+00
-8.306050862562965875e-01
3.783841517129693521e-01
2.991825832549595887e+00
1.927669978270227702e+01
7.518523733432713740e-02
3.055893203320221296e-01
1.290644220195109604e-01
2.573913686619428987e-01
3.496634420642915408e+00
7.238253405720921307e+01
2.920705702603205722e-01
-1.287737519110625506e-01
5.066598654204945262e+00
2.420341151337925822e-01
1.354949486177767781e-01
4.313845897089589876e-01
4.828902296216397438e-01
1.205393232906128986e+00
2.438766876740095846e+00
3.811383785385822343e+00
1.468304895496053675e+01
4.680808773135499479e+00
2.569420042076391653e+01
9.572702395806423681e+00
4.232193114875904882e+01
4.604353034758414509e+00
2.122226038052432706e-01
3.091825704806927533e-01
3.806915110499372368e+00
3.464353443003753696e-02
3.218714236355024383e+01
-1.215426759447235661e-01
1.812864095840852485e+01
1.178453115637547377e+01
2.545886234247176638e-01
6.430086167455053570e-01
1.004181853424089610e+00
2.746890877973235945e-01
2.581295757361376531e+01
3.466059043067691192e+00
-1.345266730953786904e-01
1.731407733618337019e+01
-1.024363414458097754e+00
-9.340552690495784738e-01
2.830905687462834663e-01
-4.284105498433641301e-01
4.962441202589240596e-01
1.971522432786252388e-01
3.097632405454130655e+00
1.326387280463506713e+01
9.890032784315902603e+00
7.187622695206492551e-01
1.076092076771571371e+00
1.978908778818950154e+01
-3.448032724219158851e-01
1.693404389361461426e+01
2.434340914889193641e+01
6.201538681157519051e-01
