6.613754983507877938e-01
6.560582548398441460e-02
6.718894274252837917e-01
5.043959758094302970e-01
2.152781277234243618e-01
4.008006812168360966e-01
1.206077929505062762e-01
1.912585850048906799e-01
2.229829392889248751e-01
9.145945483656801045e-01
4.851631821352451190e-01
2.325181908445310697e-01
4.235454394317343940e-01
2.271738760795698475e-01
1.805577269340936652e-01
6.787932829158456194e-01
3.448740459352541698e-01
4.108296747543307426e-01
5.959751186093567021e-01
1.298260531685824226e+00
9.964289319317042981e+00
1.267902197919643648e-01
2.353568186929995143e-01
2.509969972490635470e-01
2.340698550122022326e-01
1.739140009178554713e-01
9.007952412156772226e-02
2.114818628632595399e-01
1.905626779261136328e+00
1.956754114213139495e-01
1.239584615041890103e+00
1.768342072977269197e-01
1.892089489536123992e-01
-1.967356693400952317e-01
4.280511074595034771e-01
1.689698489543887128e-01
2.074285399637032512e-01
7.283913255379470542e-01
2.687326365885001067e-01
4.286085870075280191e-01
1.031470754902274578e+00
7.203973582936695763e-02
7.101209905111099729e+00
1.281177586221286191e+00
5.393217657791247177e-01
1.347957956908096122e+01
7.070946166151070855e-02
8.971416720503949449e+00
1.870742097082651156e+00
2.643541802769542315e-01
1.426133650164005395e-01
3.366386718720995042e-01
3.335884948606538281e+00
4.093294886072573746e-02
9.346411687173672433e-01
1.014419624482307825e+00
1.769146053895753745e-01
-1.238665361693653821e-01
3.695130214408206548e-01
3.360302471389564616e-02
3.173262924982851452e-01
3.706947106975675865e+00
8.082685052721680918e-01
9.138190163233472774e-02
8.007230100492446212e-01
2.755687029033729196e+00
6.317652158918340533e+00
1.317618558194220668e+01
6.259757331075976872e-01
2.742526560987310624e-01
6.973447838880937333e-01
5.148186724123395663e+01
2.297537718280873875e+01
3.661565437804033429e+00
2.823277283876985777e+01
1.901364951734217357e+01
3.524074144597526548e-01
3.111087177142937144e+00
1.827827877054458483e+00
3.766929117023850360e+00
8.580802637932748667e+00
3.312577303966448561e-01
3.338649549684101991e+00
7.785904870029046521e+00
2.109151379937920012e+01
2.053809884441094979e+01
8.481140744503054663e+00
1.674527738196208304e+01
1.122531783039011799e+01
3.989058900516411654e+00
2.642012367372514881e-01
7.756345174422220268e+00
7.684279407445796295e+00
1.273630720815740247e+01
2.165783768262907749e-01
8.217238244896658550e-01
1.287899664171977321e+00
2.428287589970386051e+01
2.073313720464984300e-01
1.349543604320571077e-01
4.504090219766609948e-01
7.125220722993011790e+00
7.126740380479811066e+00
7.295332443310131865e-02
3.840685668005355602e+00
2.840270161065766885e+01
3.851583384980437508e+00
1.900981554032776444e+01
6.412432612605498683e-01
-3.076494288983311343e-01
6.205118425005528238e+00
2.142258058563064615e-01
1.246506888844058913e+00
5.907460248644880174e-01
2.801308397814260331e+01
