5.896650435018084835e-01
-7.547130928216017054e-02
2.360414444558087688e-01
-1.325099605894157762e-01
2.395657762231668819e-01
2.639842763824251648e-02
4.486366851141614376e-01
4.252601460137901412e-01
3.604461849463205247e-01
-5.450637503987554311e-03
-1.974616733169778371e-01
2.152154420129024359e-01
6.396162085068590741e-01
8.167145242862186016e-01
1.972048308650246717e+00
1.302855262665825187e-01
-5.010944425847219108e-02
1.412585816228828861e+01
-1.668379146900673682e-01
2.286352352289355849e-02
-1.712460078875310820e-01
4.440735020090054164e-01
-2.320585720940071539e-02
1.011546142467967258e-02
7.591640697588224462e-01
3.925975143845219506e-01
9.706360961470812398e-01
1.692453262822528615e+01
1.497379524565316089e+01
9.090052324574271481e-02
2.738611729791271543e-01
1.370501130081569485e+00
1.738531030611332184e-01
-4.411008526574455857e-02
-1.260532367782074559e-01
4.768366076183130353e-01
9.979453083632044752e+00
1.528909627135810467e-03
4.146393274984072619e-02
-2.896999017376442609e-01
1.197597024115104603e-01
6.633151402540971020e-02
-4.369289323324787588e-02
-2.786798326140571547e-02
1.274576037129597772e-01
1.437003990013828947e+00
-1.515256624953580378e-01
8.240867307147995646e+00
3.923779756495671123e-02
1.008282257320245456e-01
8.097720547642337507e+00
2.696932707822202957e+00
9.462009900263002038e-02
9.756851244550324154e-02
2.713814296349750244e-01
1.549462134531447433e-01
6.652578626797911454e-04
3.802477367365302285e+00
1.161413959087220782e-01
-4.026698132372041883e-01
1.007293392454711523e+01
3.066805506621515320e+01
3.435070640990344870e+00
1.787731891766102166e+01
3.269325346878315486e+01
8.897737953237694342e-02
-1.298457025555888045e-01
8.688765372646578555e-02
4.164100271888715454e-02
2.548068483540140150e-01
2.704674106746707274e-01
-1.616484366546671048e-01
8.340418643969491619e-01
3.100570615860740453e-01
1.423350277427392285e+00
1.971393097217713475e+01
1.487373096540964212e+01
-3.603560956535467596e-02
-1.924675733930252264e-01
1.128433208111125374e+01
4.588716850241527645e-01
1.002423129750669162e-01
-9.258789965077074413e-02
2.585447604463521643e+01
3.006162144594997088e-01
4.121487027612857901e-02
1.491123743070781771e+00
1.832783085808677725e+01
6.122343468200627470e+00
2.858745299655365812e+01
5.070189347289295156e+00
-3.975896668800249500e-01
2.440552065658985192e-01
6.856264206479982803e+00
