6.523232216479475376e-01
3.403212321185815625e-01
1.829266749260076352e+01
3.404158946344768566e-01
2.151854668452650721e-01
1.931080861626071510e+00
3.504834315650144916e-01
-7.881122374249516227e-02
2.704867668602402020e-01
-4.995688685505861315e-02
9.389885315898460760e-02
1.143372347269221656e+00
1.993190748730772732e+00
1.166122172623537345e+00
5.954009020649628781e+00
3.086995041139166318e+01
2.784769116554671342e+01
-3.162206810107548449e-01
1.798466078408694990e+00
1.511038400782327429e+00
1.249334954321151159e+00
5.915539766236617147e-01
-3.278540780127507936e-01
1.183389768987463952e-01
1.522995293002598061e-01
4.712984353466342924e-01
3.168912025470644878e-01
3.267187866410750985e+01
1.881303096121833818e+01
2.604295449019087272e-01
6.096910840128972886e-01
9.997916117516605361e-01
4.115889347964398759e+00
7.165306123087291645e-01
6.155511194952354437e-01
5.662331172635370891e-01
-4.397255407690967566e-01
5.273279630653258110e-01
-1.678189450094182966e-01
1.495312303468414150e+00
4.093802679084124208e-02
4.211379467005591515e+00
1.347868437195520741e-02
-1.285309360795570122e-01
-3.156702318660271622e-01
1.445563979786954611e-01
3.167511063657486581e-01
2.148355780811439786e+01
4.276219662948145128e+01
6.794259043560653133e-01
7.867179091694399773e+00
7.567424118824699342e-01
4.842669668051719611e+00
2.098749937878173100e+01
5.865793132822227918e-02
2.162296396521314890e-01
9.681089189418345953e-02
-3.027262447353398223e-01
1.138607346662801056e-01
1.118712659489761840e+00
-3.199017995551867166e-01
2.468291840900884715e-01
3.925221550548901206e+00
1.133849735935556069e+01
7.077858550400462079e-02
1.763025744870101441e-01
1.278591645988980119e-01
-1.803223676292953215e-02
2.569270482194601080e-01
3.585600455527774244e+01
2.470869755496529763e-02
-6.551709355333201756e-02
3.175625704234903424e-01
1.843135712271828375e-01
2.163454819324330813e-01
1.640439008750891325e-01
3.176779705161849598e-01
3.809043980259096962e-01
1.032474758724044150e+00
9.013748433165007512e+00
3.496181825377449037e+00
2.884053640454053991e-02
1.214416097425269925e+01
5.502858637750668080e+00
3.085620391284813735e+01
2.566470917742708302e+00
8.930378585754805698e-02
1.809517773927762363e-01
6.614640004156614239e+00
1.079410873060373532e-01
2.993453153657989674e+01
-4.404726746988352204e-01
9.817622376854931332e+00
4.994156285047962385e+00
1.652954595559070761e-01
3.510696876509769027e-01
7.252355004772588210e-01
1.511208867981745918e-01
8.765399635416317281e+00
6.961793560845670470e-01
-8.002653697886596973e-02
1.629469103085043002e+01
-5.725626826876721864e-01
-8.441813523415286902e-01
1.249330222873865637e-01
-2.312691487500773135e-02
1.833735220550996026e-01
2.645476864191729227e-01
2.646780583794665631e-01
4.051863863102253660e+00
6.175350181520151693e+00
6.254469096530210770e-01
1.160271791050348611e+00
7.343468241057230728e+00
-2.727317447448482923e-01
1.521566214206894330e+01
2.053304561437403919e+01
1.085838445038445066e-01
