1.072594983859547213e-01
6.793924595806957178e-01
-4.974343687723687957e-01
7.807872726607989478e-02
6.185805242520268976e+00
1.334317212292171817e+00
4.320167655063026579e+00
-6.607726646468492504e-02
4.912769759610691622e+00
4.484112921352624070e+00
4.074698522009600588e+00
3.840644691617097806e+01
5.640013780617270100e-01
1.000593408704379783e+01
4.514745309004642593e+01
8.046866573770738995e-02
3.752662155878806516e+01
4.032474072172012036e-01
2.574795617430670092e+01
1.263393664702330277e-01
7.429825214137826705e+00
1.197806526519397607e+01
3.627161211568846255e+01
2.400817131562229534e-01
-4.930092121268945249e-01
-4.653866888827873360e-01
1.253284983715214551e+01
5.652101004475220236e+00
3.088422495533971812e+01
2.379600763488045700e+01
1.116971236072483720e-01
1.105658675991502804e+00
1.389075843894605100e+01
5.708360850139264642e-01
1.940620446174868619e+00
1.911951285285412894e+01
1.562645851604925795e+01
4.303025535898541420e-02
6.546095297491438814e-02
3.106166456454131364e-01
2.648611982185662406e-01
1.680951075358203539e-01
8.142092411124238538e+00
8.232403479535670421e-01
8.400736863484858929e-02
6.900168890252977860e-01
1.524874514672980297e+01
5.231812189104680932e-01
5.508570102975385296e-02
1.154265809514036789e-01
2.204190800547243256e-01
9.589605218776222628e-01
6.185508615373194630e+00
2.597591372297081236e+01
-1.893880285369839989e-01
-3.673799199429339524e-03
8.266473790219903250e+00
-9.513763341823193720e-01
3.330021567813229666e+01
3.222203719667782451e+01
-5.777713112485249880e-02
-3.870645137270107838e-01
7.490925530050063230e-02
1.749162259806653630e-01
-9.747904787442394081e-01
3.135541956737688096e+00
8.011773115388098887e-02
-2.617738924371812992e-01
1.051078616328652515e+00
2.323073894504883441e-01
-9.609220773022331130e-01
2.205809714961750601e-01
8.360949679277944746e-01
3.031900143441960793e+00
-2.448389446434204864e-01
1.052351757490543882e-01
1.089206743760500196e-01
2.241452967954491449e+00
2.208474437696287929e+00
8.620239259253903441e-02
1.170135960194294533e+01
1.435457475044072062e+00
9.564265600503083498e-01
2.634142577416943354e+00
6.428476750696818343e+00
3.964569533643880206e-02
-7.925947554517565052e-02
1.594399178971782405e+00
1.615405359684377373e+00
2.914159792327057019e+00
8.609778691090141933e-03
1.822256655390520663e+01
-7.347113035021943794e-01
6.643469029556570149e-02
9.881872265509423769e+00
2.277559618350981196e+00
1.840662753085793213e+01
6.804992322750376132e+00
5.840618172990350132e+00
3.151952370184507579e-01
5.688832124273535129e-02
6.176500739507776672e+00
1.274001986231166050e+01
6.057808275023468525e-01
2.553349204133059658e-02
2.877722251431160672e+00
1.441270546587962720e-01
2.454946580833404113e+00
1.574484209675568458e-01
8.944330488235507914e-02
1.680756924628186155e-01
1.918409652297001777e-01
2.329215920754761804e+00
1.509569323218808101e+00
2.094234228710891266e+00
3.954027706825358202e-01
2.497187914975098622e-01
4.117670260941673632e+01
2.206824578359333699e+01
5.971679427501910276e-01
2.223157514237954757e+01
1.423796964623047501e-02
6.683184647177053961e-02
1.335435886220803781e-01
1.271515739113513455e-01
5.737579774396097676e+00
1.495762434397248342e+01
3.170165308498852141e+00
1.611989142577965595e+01
3.328794024189027922e-01
2.361617004081555393e-01
1.263213157949776289e+00
8.529222797963016411e-01
3.884119752108797030e+01
3.618636166168526813e+01
1.673528762504911072e+01
4.977068888066287222e-01
4.091067367422271950e-01
4.167914081795593972e-01
2.111439321412322556e+01
4.216869606797162717e+00
3.799866549013803940e-01
2.730659577385834424e-01
5.083808432122016718e-01
1.467884720603360726e-01
8.454262233473990307e-01
3.906088004109228962e+00
1.232160008580434507e+00
5.337225026185974386e+00
7.655870678150544784e-01
5.557482366446850897e-01
2.206496500431348373e+00
6.641754214022302705e+00
6.425657538308948702e-02
5.119869591195325143e-02
4.326093124457250028e+00
