3.051227629854946777e-01
2.962506864469376389e-01
4.067796227118818386e-01
2.215887442491304427e-01
1.101674457954353414e+01
3.019311195410963045e-01
6.305604088193121903e-01
2.901859897634754049e+00
1.962264277441851945e-01
2.006194733797235230e-01
2.183720610438171228e-01
2.699712984864475196e-01
5.658117643868854074e+00
1.467504583485522041e+00
6.789953961638010682e+00
2.295106588919835211e-01
3.258231555417197001e-01
4.918361557205555812e+01
-6.231722780009918417e-01
5.910328989607815942e-02
4.159187128586738780e-02
8.021794319111936744e-01
-1.750154756608859330e-01
3.231052646511409776e-01
4.905060093453394110e+00
2.457757819556952938e+00
2.043547836580068378e+01
8.871179131386533356e+00
1.946415663286487430e+01
1.105293973106290295e+00
1.098650471760880265e+00
2.371682819465027592e+01
2.606740377061802505e-01
1.177408123206769908e+00
2.158635573627645243e+00
2.110253499324306503e+00
2.147956104216254403e+01
7.756395284606476537e-02
2.354788577145754402e-01
-8.969966609071855501e-02
4.976767852431547290e-01
3.355695409455963230e-01
1.380877508189253255e-01
5.558716115975119720e-01
1.387541932026241653e-01
5.622618376981902699e+00
-3.989617516428807242e-01
1.224775851675522098e+01
8.888825000887612404e-02
2.768421363899511434e-01
3.453190294542634575e+01
1.084383065040291960e+01
9.546249140657536714e-02
7.610063267338262882e-01
2.420650252334191066e-01
2.684134721623192554e-01
3.169765560291839535e-01
3.966315411062184992e+00
7.906524036275763834e-02
-5.953306771885693571e-01
1.342329262067586271e+01
4.025312954695056078e+01
4.441699663736682346e+00
2.186993537034150137e+01
3.795027751434199104e+01
2.678684645939286568e-01
3.639205284146842523e-01
1.619358534258242166e+00
1.450003104338426496e+00
6.205504100689724467e+00
7.302891278318668355e-01
2.992388792342159931e-02
1.522703689604582422e+01
6.065177950427052878e+00
1.474153538333311886e+01
2.031756270921752616e+01
1.428136279025002509e+01
1.556134413959266993e-01
3.692681786428897439e-01
2.626679386574406294e+01
8.903646511383501050e+00
3.952022541104782682e-01
2.662655147350001528e-02
3.323398258295914331e+01
1.982459749311964003e+01
1.617611529835597750e+00
3.289797513414620234e+00
1.859335193572217904e+01
6.314515714473609265e+00
3.728375448223558664e+01
9.005165861216312351e+00
-7.567538665380695306e-01
6.229236267090731971e-02
1.828440543379382888e+01
